{
 "cells": [
  {
   "cell_type": "code",
   "execution_count": 1,
   "metadata": {},
   "outputs": [
    {
     "name": "stderr",
     "output_type": "stream",
     "text": [
      "C:\\Users\\Aries\\Anaconda3\\envs\\tensorflow\\lib\\site-packages\\h5py\\__init__.py:36: FutureWarning: Conversion of the second argument of issubdtype from `float` to `np.floating` is deprecated. In future, it will be treated as `np.float64 == np.dtype(float).type`.\n",
      "  from ._conv import register_converters as _register_converters\n",
      "Using TensorFlow backend.\n"
     ]
    }
   ],
   "source": [
    "from __future__ import print_function\n",
    "import keras\n",
    "from keras.models import Sequential\n",
    "from keras.layers import Dense, Dropout, Activation, Flatten\n",
    "from keras.layers import Convolution2D, MaxPooling2D\n",
    "from keras.optimizers import Adadelta\n",
    "from keras.utils import np_utils\n",
    "from keras.regularizers import l2\n",
    "import pickle\n",
    "import numpy\n",
    "import csv\n",
    "import scipy.misc\n",
    "import scipy\n",
    "from scipy import ndimage\n",
    "import imutils\n",
    "import cv2\n",
    "import numpy as np\n",
    "from keras.preprocessing.image import ImageDataGenerator\n",
    "import itertools\n",
    "\n",
    "def load_test_data():\n",
    "    f = open('fer2013.csv')\n",
    "    csv_f = csv.reader(f)\n",
    "    test_set_x =[]\n",
    "    test_set_y =[]\n",
    "    for row in csv_f:  \n",
    "        if str(row[2]) == \"PrivateTest\":\n",
    "            test_set_y.append(int(row[0]))\n",
    "            temp_list = []\n",
    "            for pixel in row[1].split():\n",
    "                temp_list.append(float(pixel))\n",
    "#             data = Zerocenter_ZCA_whitening_Global_Contrast_Normalize(temp_list)\n",
    "            test_set_x.append(temp_list)\n",
    "    return test_set_x,test_set_y\n",
    "\n",
    "def load_data():\n",
    "\n",
    "    train_x = []\n",
    "    train_y = []\n",
    "    val_x =[]\n",
    "    val_y =[]\n",
    "\n",
    "    with open(\"badtrainingdata.txt\", \"r\") as text:\n",
    "        ToBeRemovedTrainingData = []\n",
    "        for line in text:\n",
    "            ToBeRemovedTrainingData.append(int(line))\n",
    "    number = 0\n",
    "\n",
    "    f = open('fer2013.csv')\n",
    "    csv_f = csv.reader(f)\n",
    "\n",
    "    for row in csv_f:   \n",
    "        number+= 1\n",
    "        if number not in ToBeRemovedTrainingData:\n",
    "\n",
    "            if str(row[2]) == \"Training\" or str(row[2]) == \"PublicTest\" :\n",
    "                temp_list = []\n",
    "\n",
    "                for pixel in row[1].split( ):\n",
    "                    temp_list.append(float(pixel))\n",
    "\n",
    "                train_y.append(int(row[0]))\n",
    "                train_x.append(temp_list)\n",
    "\n",
    "            elif str(row[2]) == \"PrivateTest\":\n",
    "                temp_list = []\n",
    "\n",
    "                for pixel in row[1].split( ):\n",
    "                    temp_list.append(float(pixel))\n",
    "                val_y.append(int(row[0]))\n",
    "                val_x.append(temp_list)\n",
    "    print(type(np.array(train_x)))\n",
    "    return np.asarray(train_x),np.asarray(train_y),np.asarray(val_x),np.asarray(val_y)"
   ]
  },
  {
   "cell_type": "code",
   "execution_count": 2,
   "metadata": {
    "scrolled": true
   },
   "outputs": [
    {
     "ename": "NameError",
     "evalue": "name 'train_x' is not defined",
     "output_type": "error",
     "traceback": [
      "\u001b[1;31m---------------------------------------------------------------------------\u001b[0m",
      "\u001b[1;31mNameError\u001b[0m                                 Traceback (most recent call last)",
      "\u001b[1;32m<ipython-input-2-fc797e42566f>\u001b[0m in \u001b[0;36m<module>\u001b[1;34m()\u001b[0m\n\u001b[1;32m----> 1\u001b[1;33m \u001b[0mtype\u001b[0m\u001b[1;33m(\u001b[0m\u001b[0mtrain_x\u001b[0m\u001b[1;33m)\u001b[0m\u001b[1;33m\u001b[0m\u001b[0m\n\u001b[0m",
      "\u001b[1;31mNameError\u001b[0m: name 'train_x' is not defined"
     ]
    }
   ],
   "source": [
    "type(train_x)"
   ]
  },
  {
   "cell_type": "code",
   "execution_count": 2,
   "metadata": {},
   "outputs": [
    {
     "name": "stdout",
     "output_type": "stream",
     "text": [
      "<class 'numpy.ndarray'>\n"
     ]
    }
   ],
   "source": [
    "train_x,train_y,val_x,val_y=load_data()"
   ]
  },
  {
   "cell_type": "code",
   "execution_count": 3,
   "metadata": {},
   "outputs": [],
   "source": [
    "import tensorflow as tf\n",
    "tf.logging.set_verbosity(tf.logging.INFO)\n",
    "\n",
    "def cnn_model_fn(features, labels, mode):\n",
    "  \"\"\"Model function for CNN.\"\"\"\n",
    "  # Input Layer\n",
    "  # Reshape X to 4-D tensor: [batch_size, width, height, channels]\n",
    "  # MNIST images are 48x48 pixels, and have one color channel\n",
    "  input_layer = tf.reshape(features[\"x\"], [-1, 48, 48, 1])\n",
    "\n",
    "  # Convolutional Layer #1\n",
    "  # Computes 32 features using a 5x5 filter with ReLU activation.\n",
    "  # Padding is added to preserve width and height.\n",
    "  # Input Tensor Shape: [batch_size, 48, 48, 1]\n",
    "  # Output Tensor Shape: [batch_size, 48, 48, 32]\n",
    "  conv1 = tf.layers.conv2d(\n",
    "      inputs=input_layer,\n",
    "      filters=32,\n",
    "      kernel_size=[5, 5],\n",
    "      padding=\"same\",\n",
    "      activation=tf.nn.relu)\n",
    "\n",
    "  # Pooling Layer #1\n",
    "  # First max pooling layer with a 2x2 filter and stride of 2\n",
    "  # Input Tensor Shape: [batch_size, 48, 48, 32]\n",
    "  # Output Tensor Shape: [batch_size, 24, 24, 32]\n",
    "  pool1 = tf.layers.max_pooling2d(inputs=conv1, pool_size=[2, 2], strides=2)\n",
    "\n",
    "  # Convolutional Layer #2\n",
    "  # Computes 32 features using a 5x5 filter.\n",
    "  # Padding is added to preserve width and height.\n",
    "  # Input Tensor Shape: [batch_size, 24, 24, 32]\n",
    "  # Output Tensor Shape: [batch_size, 24, 24, 32]\n",
    "  conv2 = tf.layers.conv2d(\n",
    "      inputs=pool1,\n",
    "      filters=32,\n",
    "      kernel_size=[4, 4],\n",
    "      padding=\"same\",\n",
    "      activation=tf.nn.relu)\n",
    "\n",
    "  # Pooling Layer #2\n",
    "  # Second max pooling layer with a 2x2 filter and stride of 2\n",
    "  # Input Tensor Shape: [batch_size, 24, 24, 32]\n",
    "  # Output Tensor Shape: [batch_size, 12, 12, 32]\n",
    "  pool2 = tf.layers.max_pooling2d(inputs=conv2, pool_size=[2, 2], strides=2)\n",
    "\n",
    "  # Convolutional Layer #3\n",
    "  # Input Tensor Shape: [batch_size, 12, 12, 32]\n",
    "  # Output Tensor Shape: [batch_size, 12 * 12 * 64]\n",
    "    \n",
    "  conv3 = tf.layers.conv2d(\n",
    "      inputs=pool2,\n",
    "      filters=64,\n",
    "      kernel_size=[5, 5],\n",
    "      padding=\"same\",\n",
    "      activation=tf.nn.relu)\n",
    "\n",
    "  pool3 = tf.layers.max_pooling2d(inputs=conv3, pool_size=[2, 2], strides=2)\n",
    "  # Input Tensor Shape: [batch_size, 12, 12, 64]\n",
    "  # Output Tensor Shape: [batch_size, 6 * 6 * 64]\n",
    "    \n",
    "    \n",
    "  pool3_flat = tf.reshape(pool3, [-1, 6 * 6 * 64])\n",
    "\n",
    "  # Dense Layer\n",
    "  # Densely connected layer with 1024 neurons\n",
    "  # Input Tensor Shape: [batch_size, 7 * 7 * 64]\n",
    "  # Output Tensor Shape: [batch_size, 1024]\n",
    "  dense = tf.layers.dense(inputs=pool3_flat, units=3072, activation=tf.nn.relu)\n",
    "\n",
    "  # Add dropout operation; 0.6 probability that element will be kept\n",
    "  dropout = tf.layers.dropout(\n",
    "      inputs=dense, rate=0.3, training=mode == tf.estimator.ModeKeys.TRAIN)\n",
    "\n",
    "  # Logits layer\n",
    "  # Input Tensor Shape: [batch_size, 1024]\n",
    "  # Output Tensor Shape: [batch_size, 10]\n",
    "  logits = tf.layers.dense(inputs=dropout, units=7)\n",
    "\n",
    "  predictions = {\n",
    "      # Generate predictions (for PREDICT and EVAL mode)\n",
    "      \"classes\": tf.argmax(input=logits, axis=1),\n",
    "      # Add `softmax_tensor` to the graph. It is used for PREDICT and by the\n",
    "      # `logging_hook`.\n",
    "      \"probabilities\": tf.nn.softmax(logits, name=\"softmax_tensor\")\n",
    "  }\n",
    "  if mode == tf.estimator.ModeKeys.PREDICT:\n",
    "    return tf.estimator.EstimatorSpec(mode=mode, predictions=predictions)\n",
    "\n",
    "  # Calculate Loss (for both TRAIN and EVAL modes)\n",
    "  loss = tf.losses.sparse_softmax_cross_entropy(labels=labels, logits=logits)\n",
    "\n",
    "  # Configure the Training Op (for TRAIN mode)\n",
    "  if mode == tf.estimator.ModeKeys.TRAIN:\n",
    "    optimizer = tf.train.GradientDescentOptimizer(learning_rate=0.001)\n",
    "    train_op = optimizer.minimize(\n",
    "        loss=loss,\n",
    "        global_step=tf.train.get_global_step())\n",
    "    return tf.estimator.EstimatorSpec(mode=mode, loss=loss, train_op=train_op)\n",
    "\n",
    "  # Add evaluation metrics (for EVAL mode)\n",
    "  eval_metric_ops = {\n",
    "      \"accuracy\": tf.metrics.accuracy(\n",
    "          labels=labels, predictions=predictions[\"classes\"])}\n",
    "  return tf.estimator.EstimatorSpec(\n",
    "      mode=mode, loss=loss, eval_metric_ops=eval_metric_ops)\n",
    "\n"
   ]
  },
  {
   "cell_type": "code",
   "execution_count": 4,
   "metadata": {
    "scrolled": false
   },
   "outputs": [
    {
     "name": "stdout",
     "output_type": "stream",
     "text": [
      "INFO:tensorflow:Using default config.\n",
      "INFO:tensorflow:Using config: {'_task_type': 'worker', '_log_step_count_steps': 100, '_keep_checkpoint_every_n_hours': 10000, '_num_worker_replicas': 1, '_master': '', '_is_chief': True, '_keep_checkpoint_max': 5, '_num_ps_replicas': 0, '_cluster_spec': <tensorflow.python.training.server_lib.ClusterSpec object at 0x0000022BAA8AB5F8>, '_service': None, '_session_config': None, '_save_checkpoints_secs': 600, '_tf_random_seed': None, '_save_summary_steps': 100, '_task_id': 0, '_model_dir': '/tmp/mnist_convnet_model', '_evaluation_master': '', '_train_distribute': None, '_save_checkpoints_steps': None, '_global_id_in_cluster': 0}\n"
     ]
    }
   ],
   "source": [
    "\n",
    "\n",
    "# Create the Estimator\n",
    "fer_classifier = tf.estimator.Estimator(\n",
    "  model_fn=cnn_model_fn, model_dir=\"/tmp/mnist_convnet_model\")\n",
    "\n",
    "# Set up logging for predictions\n",
    "# Log the values in the \"Softmax\" tensor with label \"probabilities\"\n",
    "tensors_to_log = {\"probabilities\": \"softmax_tensor\"}\n",
    "logging_hook = tf.train.LoggingTensorHook(\n",
    "  tensors=tensors_to_log, every_n_iter=500)\n",
    "\n",
    "\n"
   ]
  },
  {
   "cell_type": "code",
   "execution_count": 10,
   "metadata": {},
   "outputs": [
    {
     "name": "stdout",
     "output_type": "stream",
     "text": [
      "INFO:tensorflow:Calling model_fn.\n",
      "INFO:tensorflow:Done calling model_fn.\n",
      "INFO:tensorflow:Create CheckpointSaverHook.\n",
      "INFO:tensorflow:Graph was finalized.\n",
      "INFO:tensorflow:Restoring parameters from /tmp/mnist_convnet_model\\model.ckpt-30000\n",
      "INFO:tensorflow:Running local_init_op.\n",
      "INFO:tensorflow:Done running local_init_op.\n",
      "INFO:tensorflow:Saving checkpoints for 30001 into /tmp/mnist_convnet_model\\model.ckpt.\n",
      "INFO:tensorflow:probabilities = [[0.09775156 0.00017889 0.01076097 0.0681804  0.60547835 0.00664485\n",
      "  0.21100498]\n",
      " [0.00577523 0.00001796 0.0681751  0.0008312  0.92364106 0.00054427\n",
      "  0.00101517]\n",
      " [0.01912992 0.00066629 0.03090848 0.64046696 0.27658665 0.00419897\n",
      "  0.02804274]\n",
      " [0.00227643 0.00017975 0.16167529 0.05225417 0.09098947 0.00068365\n",
      "  0.69194124]\n",
      " [0.00013113 0.00000081 0.00200591 0.0000005  0.0000087  0.99784508\n",
      "  0.00000787]\n",
      " [0.01173509 0.00004353 0.98493572 0.00013198 0.00213252 0.00000051\n",
      "  0.00102065]\n",
      " [0.36653815 0.00101597 0.02890207 0.00465973 0.25872185 0.02272082\n",
      "  0.31744141]\n",
      " [0.02023749 0.00253221 0.00508202 0.1353181  0.00055988 0.76646504\n",
      "  0.06980526]\n",
      " [0.24477305 0.00037505 0.02737873 0.3929989  0.25319483 0.00174572\n",
      "  0.07953372]\n",
      " [0.00717    0.00061115 0.02245014 0.00207691 0.00735781 0.03790645\n",
      "  0.92242754]\n",
      " [0.08398167 0.00004715 0.30072279 0.00007492 0.55812263 0.0002085\n",
      "  0.05684235]\n",
      " [0.00877154 0.00000111 0.00164428 0.97282574 0.00711032 0.0000007\n",
      "  0.00964631]\n",
      " [0.01135526 0.00078186 0.27470645 0.00460977 0.06530328 0.0029129\n",
      "  0.64033048]\n",
      " [0.00087053 0.00054371 0.15589542 0.23814247 0.54394881 0.006121\n",
      "  0.05447806]\n",
      " [0.10049703 0.00035278 0.03888426 0.45404766 0.29176938 0.00083076\n",
      "  0.11361813]\n",
      " [0.05373621 0.00043285 0.63274793 0.04265391 0.10804521 0.00322833\n",
      "  0.15915555]\n",
      " [0.00004369 0.00000236 0.13599648 0.00044802 0.00003483 0.86240182\n",
      "  0.00107279]\n",
      " [0.00000064 0.00000018 0.00232108 0.00000058 0.00002751 0.99764593\n",
      "  0.00000407]\n",
      " [0.01192489 0.00005497 0.01449377 0.00043906 0.00454922 0.00072646\n",
      "  0.96781163]\n",
      " [0.03746525 0.01308511 0.00426822 0.00090438 0.0053512  0.0001952\n",
      "  0.93873064]\n",
      " [0.08080773 0.00066742 0.83708181 0.00937127 0.06650429 0.00006226\n",
      "  0.00550521]\n",
      " [0.06147547 0.00087737 0.10190816 0.00819424 0.07130388 0.15747208\n",
      "  0.59876879]\n",
      " [0.93338862 0.0001799  0.02434203 0.03434711 0.00625091 0.00053619\n",
      "  0.00095524]\n",
      " [0.00001283 0.0000076  0.10214509 0.00114849 0.00003278 0.89658393\n",
      "  0.00006928]\n",
      " [0.06579584 0.16350429 0.60750178 0.06422651 0.0714795  0.00283721\n",
      "  0.02465487]\n",
      " [0.01581568 0.00194909 0.51645013 0.00731419 0.01016428 0.08618836\n",
      "  0.36211827]\n",
      " [0.25052292 0.00599409 0.68559082 0.00748246 0.02662078 0.01177271\n",
      "  0.01201623]\n",
      " [0.00803282 0.00006593 0.74112408 0.06818797 0.04551278 0.11665461\n",
      "  0.02042182]\n",
      " [0.00138249 0.00011132 0.00453319 0.3517092  0.62601165 0.00201962\n",
      "  0.01423252]\n",
      " [0.00548271 0.00064165 0.07934429 0.00146648 0.00048564 0.91215199\n",
      "  0.00042725]\n",
      " [0.00979555 0.01925265 0.27835717 0.03323357 0.10549665 0.12603488\n",
      "  0.42782954]\n",
      " [0.00003753 0.0000024  0.00035239 0.99363987 0.00020744 0.00549295\n",
      "  0.00026741]\n",
      " [0.08155567 0.0003497  0.05992492 0.06888536 0.04395486 0.00248731\n",
      "  0.74284218]\n",
      " [0.01053574 0.00018975 0.84952518 0.04634976 0.0402663  0.00038582\n",
      "  0.05274744]\n",
      " [0.16390351 0.00023165 0.00233748 0.00233277 0.01942177 0.00158704\n",
      "  0.81018578]\n",
      " [0.0693065  0.01747707 0.06287897 0.52025097 0.18568146 0.00218897\n",
      "  0.14221605]\n",
      " [0.02073026 0.00027371 0.01440676 0.76732029 0.02982368 0.00198351\n",
      "  0.16546179]\n",
      " [0.30341204 0.00203696 0.50291411 0.02447716 0.15153163 0.00493769\n",
      "  0.01069041]\n",
      " [0.00417198 0.00032244 0.00513888 0.98175176 0.00567615 0.00070674\n",
      "  0.00223203]\n",
      " [0.00003159 0.00000151 0.00009349 0.99955781 0.00006822 0.00007988\n",
      "  0.00016751]\n",
      " [0.00313188 0.00002319 0.57512213 0.35309628 0.00352007 0.06352312\n",
      "  0.00158333]\n",
      " [0.01369492 0.00086321 0.0258469  0.92527006 0.03021196 0.00158795\n",
      "  0.002525  ]\n",
      " [0.00044013 0.00024925 0.00295029 0.95944606 0.01866627 0.00005236\n",
      "  0.01819564]\n",
      " [0.73100848 0.00036181 0.0961689  0.13190661 0.0159042  0.02071842\n",
      "  0.00393157]\n",
      " [0.15888612 0.00000032 0.48240962 0.00272864 0.34839048 0.00018201\n",
      "  0.00740281]\n",
      " [0.00000001 0.00000039 0.00328467 0.00000003 0.00006201 0.99665116\n",
      "  0.00000173]\n",
      " [0.04402184 0.00140596 0.72753757 0.0233347  0.0175361  0.16817042\n",
      "  0.0179934 ]\n",
      " [0.09503519 0.00896801 0.01265347 0.18885409 0.57780363 0.00356299\n",
      "  0.11312262]\n",
      " [0.12210993 0.11683114 0.24028688 0.40254017 0.05683831 0.00020043\n",
      "  0.06119314]\n",
      " [0.04217264 0.00060953 0.35883075 0.06173171 0.5101572  0.00059515\n",
      "  0.02590302]]\n",
      "INFO:tensorflow:loss = 0.579860508441925, step = 30000\n",
      "INFO:tensorflow:global_step/sec: 6.0021\n",
      "INFO:tensorflow:loss = 0.5632078647613525, step = 30100 (16.658 sec)\n",
      "INFO:tensorflow:global_step/sec: 6.05728\n",
      "INFO:tensorflow:loss = 0.6071534156799316, step = 30200 (16.510 sec)\n",
      "INFO:tensorflow:global_step/sec: 6.07301\n",
      "INFO:tensorflow:loss = 0.6536517143249512, step = 30300 (16.468 sec)\n",
      "INFO:tensorflow:global_step/sec: 6.02188\n",
      "INFO:tensorflow:loss = 0.7695924043655396, step = 30400 (16.602 sec)\n",
      "INFO:tensorflow:global_step/sec: 6.00721\n",
      "INFO:tensorflow:probabilities = [[0.00407784 0.00220073 0.00026834 0.96335506 0.00312833 0.00146486\n",
      "  0.02550484]\n",
      " [0.24027496 0.00013587 0.30741753 0.00046166 0.14787661 0.00020029\n",
      "  0.30363307]\n",
      " [0.21404171 0.14158463 0.21723083 0.00389433 0.31085599 0.01182002\n",
      "  0.10057248]\n",
      " [0.0792608  0.01684144 0.09939357 0.05373618 0.32551318 0.02683199\n",
      "  0.39842284]\n",
      " [0.00504004 0.00000125 0.98541518 0.00089397 0.00126457 0.0001348\n",
      "  0.00725018]\n",
      " [0.02506645 0.00027019 0.01396033 0.00055621 0.00402607 0.00098816\n",
      "  0.95513259]\n",
      " [0.05577026 0.00195108 0.11870184 0.05552604 0.00530955 0.76146212\n",
      "  0.00127911]\n",
      " [0.00016081 0.00006411 0.22914919 0.17159184 0.00033783 0.59772232\n",
      "  0.0009739 ]\n",
      " [0.00363919 0.00200906 0.02669182 0.87228347 0.03537273 0.00189748\n",
      "  0.05810626]\n",
      " [0.000542   0.00302786 0.00408957 0.07618545 0.00005239 0.8925648\n",
      "  0.02353792]\n",
      " [0.06805846 0.00105946 0.12651307 0.01421726 0.39197006 0.01918759\n",
      "  0.3789941 ]\n",
      " [0.00004105 0.00000006 0.00021069 0.00001911 0.00054643 0.00000005\n",
      "  0.9991826 ]\n",
      " [0.00167971 0.00020518 0.6468453  0.0272446  0.03990069 0.2655157\n",
      "  0.01860882]\n",
      " [0.0219004  0.00009354 0.01727688 0.91609388 0.02341446 0.00260692\n",
      "  0.01861392]\n",
      " [0.57738318 0.03568687 0.01751116 0.0915585  0.17819117 0.00557896\n",
      "  0.09409016]\n",
      " [0.05176273 0.00175217 0.07001019 0.2733533  0.25989311 0.01005909\n",
      "  0.33316942]\n",
      " [0.00024901 0.00023236 0.00523237 0.52619599 0.01384541 0.00001535\n",
      "  0.4542295 ]\n",
      " [0.66051659 0.00032954 0.01529625 0.16194011 0.09423777 0.00177929\n",
      "  0.06590045]\n",
      " [0.12130084 0.00427354 0.09771353 0.55319882 0.16308653 0.00552143\n",
      "  0.05490531]\n",
      " [0.00503451 0.00074019 0.13208212 0.00537961 0.02797085 0.00025755\n",
      "  0.82853515]\n",
      " [0.21911256 0.00188039 0.00748543 0.0129376  0.14813743 0.00395072\n",
      "  0.60649588]\n",
      " [0.05660903 0.00036569 0.08752391 0.00082171 0.33555258 0.00169632\n",
      "  0.51743076]\n",
      " [0.00098801 0.00000116 0.01578129 0.03880835 0.01848742 0.03346069\n",
      "  0.89247309]\n",
      " [0.10984537 0.02184191 0.14437372 0.09954702 0.58692812 0.00070841\n",
      "  0.03675544]\n",
      " [0.00430345 0.00000069 0.00092171 0.00431521 0.00091204 0.98915553\n",
      "  0.00039137]\n",
      " [0.760235   0.00008216 0.10027609 0.00192919 0.10278731 0.00156754\n",
      "  0.03312271]\n",
      " [0.00620985 0.00050944 0.02633807 0.17851527 0.7602105  0.01922473\n",
      "  0.00899214]\n",
      " [0.10179338 0.00233488 0.00854081 0.86235435 0.00642698 0.0002121\n",
      "  0.01833749]\n",
      " [0.01049331 0.00032114 0.00136945 0.36269551 0.00819734 0.00006833\n",
      "  0.61685492]\n",
      " [0.04952267 0.00019477 0.35846902 0.01259222 0.21904227 0.0895983\n",
      "  0.27058075]\n",
      " [0.1312803  0.01706073 0.08631643 0.04576587 0.08364779 0.01646212\n",
      "  0.61946676]\n",
      " [0.01526371 0.00012673 0.00357996 0.00033285 0.16404568 0.00004718\n",
      "  0.81660389]\n",
      " [0.00103353 0.00041774 0.92365932 0.01410316 0.04175266 0.00377431\n",
      "  0.01525929]\n",
      " [0.14397075 0.00023261 0.14695141 0.03303774 0.12992352 0.00323545\n",
      "  0.54264852]\n",
      " [0.04338383 0.00279699 0.31967627 0.12534278 0.05373009 0.33160486\n",
      "  0.12346518]\n",
      " [0.06816793 0.00741054 0.00491319 0.11749545 0.03583641 0.00034729\n",
      "  0.7658292 ]\n",
      " [0.00038343 0.00006817 0.10361402 0.14713243 0.64144338 0.01034188\n",
      "  0.09701668]\n",
      " [0.08453031 0.00029513 0.00938715 0.00080974 0.02074786 0.00000104\n",
      "  0.88422877]\n",
      " [0.04758241 0.00044768 0.11825233 0.0008655  0.28760344 0.0008878\n",
      "  0.54436085]\n",
      " [0.16653059 0.00146302 0.21398338 0.00523286 0.09135622 0.00744552\n",
      "  0.51398841]\n",
      " [0.0191431  0.00042764 0.11622599 0.00214294 0.43112366 0.01145112\n",
      "  0.41948554]\n",
      " [0.00000141 0.00000002 0.00000058 0.99973603 0.00000066 0.00000001\n",
      "  0.00026128]\n",
      " [0.00862889 0.0001167  0.03025988 0.88449947 0.05689112 0.00260985\n",
      "  0.01699409]\n",
      " [0.02334884 0.00019479 0.02521325 0.00046016 0.92731959 0.00067664\n",
      "  0.02278673]\n",
      " [0.39366098 0.02692343 0.09949582 0.00009717 0.22637022 0.00014698\n",
      "  0.25330539]\n",
      " [0.00433326 0.0000064  0.00077163 0.9777168  0.01168002 0.00000933\n",
      "  0.00548256]\n",
      " [0.00472741 0.00004306 0.00549464 0.95564227 0.00152898 0.00076336\n",
      "  0.03180029]\n",
      " [0.34684442 0.01634257 0.4830442  0.03916095 0.08984631 0.00032061\n",
      "  0.02444095]\n",
      " [0.0391789  0.01860806 0.02486529 0.56678931 0.16854051 0.0290355\n",
      "  0.15298243]\n",
      " [0.1874352  0.02560262 0.37660423 0.00112785 0.09439751 0.00025084\n",
      "  0.31458174]] (82.890 sec)\n"
     ]
    },
    {
     "name": "stdout",
     "output_type": "stream",
     "text": [
      "INFO:tensorflow:loss = 0.9002640247344971, step = 30500 (16.653 sec)\n",
      "INFO:tensorflow:global_step/sec: 6.00872\n",
      "INFO:tensorflow:loss = 0.7689495086669922, step = 30600 (16.637 sec)\n",
      "INFO:tensorflow:global_step/sec: 6.01072\n",
      "INFO:tensorflow:loss = 0.48154890537261963, step = 30700 (16.637 sec)\n",
      "INFO:tensorflow:global_step/sec: 6.01145\n",
      "INFO:tensorflow:loss = 0.5045174360275269, step = 30800 (16.650 sec)\n",
      "INFO:tensorflow:global_step/sec: 6.01097\n",
      "INFO:tensorflow:loss = 0.5309566259384155, step = 30900 (16.621 sec)\n",
      "INFO:tensorflow:global_step/sec: 6.00346\n",
      "INFO:tensorflow:probabilities = [[0.87738357 0.00103349 0.02456148 0.04272764 0.01888544 0.00000382\n",
      "  0.03540456]\n",
      " [0.57657561 0.00506366 0.33013037 0.00877611 0.00330061 0.07113443\n",
      "  0.0050192 ]\n",
      " [0.00475179 0.00000683 0.05792422 0.89772454 0.03424728 0.00327439\n",
      "  0.00207095]\n",
      " [0.05489612 0.00117789 0.00063997 0.00039743 0.00298895 0.00004163\n",
      "  0.93985801]\n",
      " [0.6336643  0.00792702 0.03260557 0.06286726 0.23338643 0.02259482\n",
      "  0.00695459]\n",
      " [0.01032437 0.05691703 0.16837863 0.0085671  0.54309171 0.00009642\n",
      "  0.21262474]\n",
      " [0.03328594 0.00003731 0.11487112 0.00080387 0.02580822 0.73667198\n",
      "  0.08852156]\n",
      " [0.00032992 0.00001556 0.02014327 0.00000325 0.00412456 0.97361461\n",
      "  0.00176882]\n",
      " [0.05616597 0.01202343 0.00927069 0.28446929 0.08783795 0.01791923\n",
      "  0.53231344]\n",
      " [0.02956475 0.00184955 0.00737021 0.000389   0.88035832 0.0001286\n",
      "  0.08033957]\n",
      " [0.04021809 0.0406055  0.7890858  0.00441122 0.02395685 0.09022359\n",
      "  0.01149897]\n",
      " [0.0728508  0.01533878 0.04269163 0.19314319 0.08204552 0.02337492\n",
      "  0.57055516]\n",
      " [0.05926552 0.0008014  0.01757126 0.19603759 0.1110468  0.000145\n",
      "  0.61513244]\n",
      " [0.00026769 0.00000076 0.00099402 0.00003022 0.00006592 0.99860153\n",
      "  0.00003985]\n",
      " [0.32160601 0.35168999 0.08848518 0.08587673 0.00655079 0.03924834\n",
      "  0.10654297]\n",
      " [0.04259408 0.00041834 0.44033743 0.44177033 0.05952858 0.00008653\n",
      "  0.01526471]\n",
      " [0.00001743 0.00008138 0.00001111 0.99986322 0.00001648 0.00000511\n",
      "  0.00000527]\n",
      " [0.03387513 0.00065493 0.08261904 0.0418284  0.47158544 0.00025281\n",
      "  0.36918425]\n",
      " [0.23548952 0.01191245 0.17703584 0.05474341 0.50242066 0.00278298\n",
      "  0.01561514]\n",
      " [0.00249868 0.00097242 0.02625223 0.02923913 0.66626259 0.00019513\n",
      "  0.27457983]\n",
      " [0.55480154 0.00002423 0.00536402 0.24073601 0.16956941 0.01451741\n",
      "  0.01498738]\n",
      " [0.05726716 0.0012771  0.12740791 0.32284796 0.08580375 0.01528704\n",
      "  0.39010908]\n",
      " [0.00002238 0.00000031 0.01202342 0.0000089  0.00001324 0.98788807\n",
      "  0.00004368]\n",
      " [0.05274015 0.01180363 0.0394265  0.01427624 0.09328052 0.00678907\n",
      "  0.78168387]\n",
      " [0.00043669 0.00000008 0.00348165 0.03770929 0.00002255 0.95830432\n",
      "  0.00004542]\n",
      " [0.6172115  0.01172464 0.18175312 0.01725587 0.11255213 0.00367112\n",
      "  0.05583162]\n",
      " [0.06166383 0.0000239  0.00129781 0.89921399 0.00056511 0.00105318\n",
      "  0.03618218]\n",
      " [0.00786342 0.00007538 0.03673563 0.41440796 0.53113945 0.00013396\n",
      "  0.0096442 ]\n",
      " [0.96995028 0.00704724 0.01607328 0.00188585 0.00482168 0.00018098\n",
      "  0.00004069]\n",
      " [0.10261889 0.00005722 0.00293815 0.04041852 0.02027375 0.00402236\n",
      "  0.82967112]\n",
      " [0.05643204 0.13447598 0.11799673 0.04418931 0.50421542 0.00015097\n",
      "  0.14253955]\n",
      " [0.00395025 0.0002714  0.00678418 0.06394755 0.33965971 0.00019728\n",
      "  0.58518963]\n",
      " [0.11041094 0.01263188 0.10048658 0.00663987 0.09587037 0.0125316\n",
      "  0.66142876]\n",
      " [0.07189195 0.0058953  0.00679182 0.00068682 0.02142819 0.01784251\n",
      "  0.87546342]\n",
      " [0.03092057 0.00008623 0.04276512 0.00698588 0.01691592 0.89789254\n",
      "  0.00443375]\n",
      " [0.00560751 0.00026032 0.0079719  0.00316538 0.19384931 0.0009379\n",
      "  0.78820768]\n",
      " [0.17676429 0.00668826 0.03295859 0.42917075 0.00427266 0.22731477\n",
      "  0.12283068]\n",
      " [0.11335824 0.00144161 0.0890507  0.47392775 0.12826276 0.00540011\n",
      "  0.18855884]\n",
      " [0.00984233 0.00000012 0.00330525 0.00894604 0.24404434 0.00049497\n",
      "  0.73336695]\n",
      " [0.25111957 0.0000568  0.00130484 0.7335632  0.00140287 0.00021442\n",
      "  0.01233829]\n",
      " [0.22525034 0.12434639 0.16404782 0.12279082 0.19740839 0.02979837\n",
      "  0.13635788]\n",
      " [0.78316028 0.02488978 0.02217435 0.00225783 0.03726337 0.00169899\n",
      "  0.1285554 ]\n",
      " [0.01161165 0.0004287  0.12847525 0.00258938 0.02640639 0.83011702\n",
      "  0.00037162]\n",
      " [0.04242323 0.02326237 0.6838934  0.02232317 0.14896289 0.00046637\n",
      "  0.07866858]\n",
      " [0.26360749 0.00050978 0.06070321 0.49403365 0.02769302 0.00017439\n",
      "  0.15327847]\n",
      " [0.00002099 0.0000038  0.00009942 0.99935059 0.00006134 0.00000792\n",
      "  0.00045595]\n",
      " [0.02868145 0.00361796 0.62556996 0.3401477  0.00096489 0.00084415\n",
      "  0.00017391]\n",
      " [0.00339462 0.00012952 0.0662912  0.00004265 0.00250533 0.92613223\n",
      "  0.00150445]\n",
      " [0.90736402 0.00001952 0.01568993 0.04956438 0.01892884 0.00412154\n",
      "  0.00431177]\n",
      " [0.01295059 0.00142781 0.01510021 0.85240535 0.04625871 0.00198705\n",
      "  0.06987027]] (83.207 sec)\n",
      "INFO:tensorflow:loss = 0.7120338082313538, step = 31000 (16.661 sec)\n",
      "INFO:tensorflow:global_step/sec: 5.99874\n",
      "INFO:tensorflow:loss = 0.5545505881309509, step = 31100 (16.666 sec)\n",
      "INFO:tensorflow:global_step/sec: 6.03118\n",
      "INFO:tensorflow:loss = 0.6003116369247437, step = 31200 (16.581 sec)\n",
      "INFO:tensorflow:global_step/sec: 6.0445\n",
      "INFO:tensorflow:loss = 0.7871229648590088, step = 31300 (16.545 sec)\n",
      "INFO:tensorflow:global_step/sec: 6.04117\n",
      "INFO:tensorflow:loss = 0.4469769299030304, step = 31400 (16.552 sec)\n",
      "INFO:tensorflow:global_step/sec: 6.04532\n",
      "INFO:tensorflow:probabilities = [[0.29041904 0.0016605  0.22605566 0.40488301 0.0462497  0.00725903\n",
      "  0.02347306]\n",
      " [0.0014195  0.09770306 0.0094977  0.03578373 0.00007527 0.14180055\n",
      "  0.71372021]\n",
      " [0.00000256 0.00000177 0.00001122 0.99994557 0.00001206 0.00000019\n",
      "  0.00002663]\n",
      " [0.3038331  0.00012477 0.38142348 0.27841405 0.01264418 0.02170473\n",
      "  0.00185569]\n",
      " [0.01028445 0.00032436 0.0090304  0.00743942 0.97266639 0.00023158\n",
      "  0.00002342]\n",
      " [0.0117266  0.31300272 0.17044737 0.00028852 0.29713422 0.00006934\n",
      "  0.20733123]\n",
      " [0.00050674 0.0001548  0.00019831 0.99776928 0.00034981 0.00065393\n",
      "  0.00036714]\n",
      " [0.02318754 0.00034838 0.00317688 0.0000463  0.11458237 0.00255047\n",
      "  0.85610805]\n",
      " [0.02113781 0.0106253  0.00330639 0.85867708 0.00236997 0.00092696\n",
      "  0.10295649]\n",
      " [0.51941283 0.00182694 0.07083283 0.00109351 0.21899349 0.02535108\n",
      "  0.16248932]\n",
      " [0.00643936 0.00000389 0.01355569 0.0172154  0.87994921 0.00015086\n",
      "  0.08268559]\n",
      " [0.40637164 0.00422814 0.11421343 0.00015843 0.00902372 0.00198469\n",
      "  0.46401996]\n",
      " [0.7606264  0.00035196 0.03817458 0.07938445 0.12122717 0.00007732\n",
      "  0.00015812]\n",
      " [0.03276553 0.00007178 0.7427781  0.04186845 0.00299928 0.13521826\n",
      "  0.0442986 ]\n",
      " [0.14904032 0.00873707 0.22875487 0.01415227 0.12600818 0.00101777\n",
      "  0.47228952]\n",
      " [0.23406826 0.00003457 0.53481599 0.00005666 0.06395988 0.05747173\n",
      "  0.10959292]\n",
      " [0.02031815 0.00061115 0.00203772 0.95497471 0.00070201 0.00005856\n",
      "  0.0212977 ]\n",
      " [0.00403825 0.00309801 0.01437705 0.01436493 0.81551987 0.14830746\n",
      "  0.00029443]\n",
      " [0.28372431 0.00227603 0.02030554 0.59533374 0.03503143 0.01773789\n",
      "  0.04559106]\n",
      " [0.00448798 0.00005354 0.01264053 0.97952791 0.00062587 0.00017343\n",
      "  0.00249075]\n",
      " [0.0060352  0.00014765 0.03100613 0.09839576 0.02149355 0.00098401\n",
      "  0.84193771]\n",
      " [0.00204087 0.00000974 0.00005386 0.99476588 0.00141029 0.00001721\n",
      "  0.00170215]\n",
      " [0.01782084 0.00050663 0.74582264 0.08463708 0.09413023 0.0072598\n",
      "  0.04982277]\n",
      " [0.00000036 0.         0.15738281 0.         0.00594766 0.83666904\n",
      "  0.00000011]\n",
      " [0.01181522 0.00000272 0.00005904 0.00012952 0.98156959 0.00006858\n",
      "  0.00635532]\n",
      " [0.76466358 0.02187043 0.0496859  0.00258254 0.0016267  0.00543211\n",
      "  0.15413875]\n",
      " [0.00355726 0.00020041 0.03732421 0.00882335 0.93523749 0.01356093\n",
      "  0.00129635]\n",
      " [0.00205227 0.00014663 0.17038137 0.0135341  0.34913754 0.00011704\n",
      "  0.46463105]\n",
      " [0.16476224 0.06934757 0.273045   0.13107943 0.34207669 0.00149296\n",
      "  0.01819611]\n",
      " [0.15344418 0.0129537  0.08784486 0.21690618 0.12012207 0.0321749\n",
      "  0.37655411]\n",
      " [0.0025248  0.0011292  0.00912293 0.18988747 0.04103037 0.00036777\n",
      "  0.75593747]\n",
      " [0.02837372 0.12399836 0.00215441 0.0006183  0.0167077  0.82760513\n",
      "  0.00054239]\n",
      " [0.00000009 0.00000003 0.00000003 0.99999979 0.         0.00000002\n",
      "  0.00000004]\n",
      " [0.00000089 0.00000003 0.00691803 0.00000889 0.00000177 0.99307033\n",
      "  0.00000006]\n",
      " [0.00914392 0.00027273 0.81399731 0.00171406 0.11737081 0.05634542\n",
      "  0.00115575]\n",
      " [0.78520459 0.00000471 0.03014787 0.16573949 0.01158228 0.00002128\n",
      "  0.00729979]\n",
      " [0.00058406 0.00000024 0.9191468  0.00423539 0.07489894 0.00098144\n",
      "  0.00015313]\n",
      " [0.00109572 0.00065194 0.00105383 0.95861011 0.0169486  0.00050968\n",
      "  0.02113012]\n",
      " [0.12157104 0.00076887 0.04636234 0.00431938 0.82433343 0.00102407\n",
      "  0.00162086]\n",
      " [0.00370782 0.00345733 0.04391589 0.39857907 0.07317296 0.0342766\n",
      "  0.44289034]\n",
      " [0.24547773 0.00038304 0.15044863 0.0105517  0.05766613 0.00781426\n",
      "  0.52765851]\n",
      " [0.00065758 0.00000601 0.0001707  0.99415426 0.00010902 0.00000556\n",
      "  0.00489688]\n",
      " [0.12292173 0.002604   0.31817686 0.50836336 0.02926919 0.00152501\n",
      "  0.01713984]\n",
      " [0.31772571 0.02144026 0.19984356 0.05149646 0.07040794 0.26108397\n",
      "  0.0780021 ]\n",
      " [0.00080316 0.000444   0.0128498  0.00000411 0.98430645 0.00026642\n",
      "  0.00132606]\n",
      " [0.0964951  0.00050552 0.0194235  0.00221748 0.62301053 0.00061291\n",
      "  0.25773495]\n",
      " [0.00001344 0.00000106 0.00607659 0.00047024 0.00006884 0.99329359\n",
      "  0.00007625]\n",
      " [0.05258431 0.01955264 0.01227737 0.91281082 0.00144248 0.00009432\n",
      "  0.00123806]\n",
      " [0.00400368 0.0014109  0.00081073 0.01015471 0.00455938 0.04772997\n",
      "  0.93133063]\n",
      " [0.36476629 0.11766122 0.10770106 0.04527489 0.17398171 0.06654908\n",
      "  0.12406575]] (82.890 sec)\n"
     ]
    },
    {
     "name": "stdout",
     "output_type": "stream",
     "text": [
      "INFO:tensorflow:loss = 0.6021482944488525, step = 31500 (16.547 sec)\n",
      "INFO:tensorflow:global_step/sec: 6.02579\n",
      "INFO:tensorflow:loss = 0.6192987561225891, step = 31600 (16.602 sec)\n",
      "INFO:tensorflow:global_step/sec: 6.03524\n",
      "INFO:tensorflow:loss = 0.6237355470657349, step = 31700 (16.557 sec)\n",
      "INFO:tensorflow:global_step/sec: 6.0074\n",
      "INFO:tensorflow:loss = 0.5743066072463989, step = 31800 (16.646 sec)\n",
      "INFO:tensorflow:global_step/sec: 6.02742\n",
      "INFO:tensorflow:loss = 0.8978308439254761, step = 31900 (16.592 sec)\n",
      "INFO:tensorflow:global_step/sec: 6.0198\n",
      "INFO:tensorflow:probabilities = [[0.53715838 0.25152693 0.02072411 0.00189972 0.12988311 0.00037589\n",
      "  0.05843186]\n",
      " [0.00000478 0.000002   0.00011711 0.99910412 0.00001032 0.00000788\n",
      "  0.00075379]\n",
      " [0.04804001 0.00075939 0.09988329 0.00458263 0.30512912 0.02348937\n",
      "  0.51811619]\n",
      " [0.12997043 0.02105156 0.72169037 0.00467636 0.02954147 0.00591976\n",
      "  0.08715006]\n",
      " [0.0000097  0.00001116 0.000011   0.99950773 0.00038128 0.00000997\n",
      "  0.00006917]\n",
      " [0.03576819 0.01156209 0.53148129 0.03092833 0.09076449 0.22479762\n",
      "  0.07469799]\n",
      " [0.03270949 0.00009952 0.00432717 0.94549754 0.01251326 0.00013012\n",
      "  0.00472289]\n",
      " [0.00070427 0.00000003 0.00003404 0.99905183 0.00002481 0.00000053\n",
      "  0.0001845 ]\n",
      " [0.30617136 0.00005984 0.00008824 0.07972842 0.61272063 0.00003568\n",
      "  0.00119583]\n",
      " [0.00467383 0.00003118 0.00605054 0.05845153 0.21097207 0.00237921\n",
      "  0.71744163]\n",
      " [0.05893756 0.000783   0.02573492 0.78782816 0.06733936 0.00733508\n",
      "  0.05204193]\n",
      " [0.01175084 0.00891493 0.55621436 0.21640761 0.06645265 0.12504033\n",
      "  0.01521928]\n",
      " [0.01165468 0.00030677 0.00860056 0.00102186 0.31363596 0.00243572\n",
      "  0.66234446]\n",
      " [0.02512348 0.00200425 0.48652112 0.0634996  0.39773454 0.00000695\n",
      "  0.02511005]\n",
      " [0.84402689 0.01730827 0.0473654  0.03006921 0.026478   0.03306722\n",
      "  0.00168501]\n",
      " [0.53777721 0.00119687 0.40899314 0.0001735  0.04886562 0.00073651\n",
      "  0.00225715]\n",
      " [0.1255302  0.00170583 0.69842621 0.00237684 0.0721401  0.05142938\n",
      "  0.04839143]\n",
      " [0.00189397 0.00003826 0.00104213 0.97929389 0.01708282 0.00059181\n",
      "  0.00005711]\n",
      " [0.00006396 0.00128469 0.00445176 0.98683279 0.00551334 0.00017998\n",
      "  0.00167348]\n",
      " [0.01603796 0.00848301 0.01312801 0.87291806 0.07942774 0.00046591\n",
      "  0.00953931]\n",
      " [0.0024409  0.00012295 0.0596075  0.92081061 0.01451162 0.00028372\n",
      "  0.0022227 ]\n",
      " [0.02230518 0.00114348 0.0014901  0.96892877 0.00028399 0.00456382\n",
      "  0.00128466]\n",
      " [0.0000079  0.00000081 0.00033028 0.96435516 0.00024136 0.03471481\n",
      "  0.00034968]\n",
      " [0.03269442 0.00244769 0.40901806 0.00189014 0.49944297 0.00030179\n",
      "  0.05420493]\n",
      " [0.00006704 0.0003401  0.00010261 0.99877679 0.00050998 0.0000462\n",
      "  0.00015728]\n",
      " [0.39149632 0.02841167 0.56206876 0.00000883 0.00188439 0.01540938\n",
      "  0.00072065]\n",
      " [0.29236414 0.00035407 0.37067894 0.06230945 0.08150237 0.04611416\n",
      "  0.14667688]\n",
      " [0.16840105 0.00716788 0.00512505 0.73155378 0.03719853 0.03416751\n",
      "  0.01638621]\n",
      " [0.10822773 0.00454668 0.63859558 0.22761486 0.00046488 0.01323642\n",
      "  0.00731385]\n",
      " [0.00169145 0.00203684 0.88254465 0.04895703 0.00042353 0.00062399\n",
      "  0.06372251]\n",
      " [0.00001132 0.00022083 0.00004509 0.99954657 0.00001563 0.00006034\n",
      "  0.00010022]\n",
      " [0.00062762 0.00000913 0.72230736 0.00025851 0.001304   0.27518496\n",
      "  0.00030843]\n",
      " [0.00015863 0.00003089 0.00364162 0.0003152  0.00604291 0.98971082\n",
      "  0.00009994]\n",
      " [0.00731661 0.00002342 0.92138395 0.00004536 0.02502956 0.03090108\n",
      "  0.01530003]\n",
      " [0.00014882 0.00000075 0.00229553 0.00000948 0.00000318 0.99753819\n",
      "  0.00000405]\n",
      " [0.00322604 0.00000067 0.00007871 0.         0.00360199 0.00000424\n",
      "  0.99308835]\n",
      " [0.00042484 0.00000004 0.00022718 0.99893134 0.00014631 0.00000293\n",
      "  0.00026738]\n",
      " [0.00131483 0.00057656 0.00461852 0.00431052 0.00019587 0.00011335\n",
      "  0.98887035]\n",
      " [0.96767978 0.01349479 0.00839221 0.00008275 0.01016794 0.00017813\n",
      "  0.0000044 ]\n",
      " [0.06424159 0.00008235 0.04425822 0.00256905 0.72543112 0.03768485\n",
      "  0.12573283]\n",
      " [0.00011209 0.00000838 0.00010521 0.99952168 0.00000374 0.00000201\n",
      "  0.00024687]\n",
      " [0.03518526 0.00606491 0.37267839 0.08275968 0.10590643 0.02158904\n",
      "  0.3758163 ]\n",
      " [0.03564793 0.00203494 0.42554085 0.04693675 0.13418479 0.05336147\n",
      "  0.30229326]\n",
      " [0.62508687 0.0000141  0.01044292 0.30934724 0.03444409 0.00080775\n",
      "  0.01985702]\n",
